83 2661 16
0 1
0 2
0 3
0 9
0 10
0 11
0 12
0 13
0 14
0 16
0 21
0 31
0 32
0 38
0 40
0 42
0 45
0 48
0 50
0 53
0 54
0 57
0 66
0 67
0 68
0 73
0 76
0 77
0 78
0 79
0 81
0 82
1 0
1 2
1 3
1 11
1 12
1 13
1 14
1 16
1 21
1 31
1 38
1 40
1 42
1 45
1 48
1 50
1 54
1 66
1 67
1 68
1 76
1 77
1 81
1 82
2 0
2 1
2 3
2 9
2 10
2 11
2 12
2 13
2 14
2 16
2 21
2 31
2 32
2 38
2 40
2 42
2 45
2 48
2 50
2 53
2 54
2 57
2 66
2 67
2 68
2 73
2 76
2 77
2 78
2 79
2 81
2 82
3 0
3 1
3 2
3 9
3 10
3 11
3 12
3 13
3 14
3 16
3 21
3 31
3 40
3 42
3 45
3 50
3 53
3 57
3 66
3 67
3 68
3 73
3 76
3 77
3 78
3 81
3 82
4 5
4 6
4 7
4 8
4 15
4 17
4 18
4 19
4 20
4 22
4 23
4 24
4 25
4 26
4 27
4 28
4 29
4 31
4 34
4 36
4 37
4 39
4 41
4 42
4 43
4 44
4 47
4 49
4 51
4 52
4 56
4 58
4 59
4 61
4 62
4 63
4 64
4 65
4 70
4 71
4 72
4 75
4 80
5 4
5 7
5 8
5 15
5 16
5 17
5 20
5 22
5 24
5 25
5 26
5 28
5 29
5 34
5 35
5 37
5 39
5 43
5 44
5 47
5 56
5 58
5 60
5 62
5 63
5 65
5 69
5 70
5 71
5 72
6 5
6 15
6 16
6 20
6 22
6 24
6 25
6 26
6 27
6 28
6 34
6 36
6 37
6 43
6 44
6 47
6 49
6 72
6 74
6 80
7 15
7 18
7 22
7 23
7 24
7 27
7 28
7 29
7 34
7 36
7 39
7 42
7 43
7 44
7 52
7 65
7 71
7 72
8 4
8 16
8 23
8 25
8 27
8 28
8 29
8 30
8 37
8 41
8 42
8 47
8 52
8 56
8 58
8 61
8 64
8 65
8 71
8 72
8 75
9 0
9 3
9 10
9 11
9 12
9 13
9 14
9 16
9 21
9 31
9 32
9 38
9 40
9 42
9 45
9 48
9 50
9 53
9 57
9 67
9 68
9 73
9 76
9 77
9 78
9 79
10 0
10 1
10 3
10 9
10 11
10 12
10 13
10 14
10 42
10 48
10 53
10 57
10 67
10 68
10 73
10 76
10 77
10 78
10 79
11 0
11 1
11 2
11 3
11 9
11 10
11 12
11 13
11 14
11 16
11 21
11 31
11 32
11 38
11 40
11 42
11 48
11 54
11 57
11 66
11 68
11 73
11 76
11 77
11 78
11 79
11 81
11 82
12 0
12 1
12 2
12 3
12 9
12 10
12 11
12 13
12 14
12 16
12 21
12 31
12 32
12 38
12 40
12 42
12 45
12 48
12 50
12 53
12 54
12 57
12 66
12 67
12 68
12 73
12 76
12 77
12 78
12 79
12 81
12 82
13 0
13 1
13 2
13 3
13 9
13 10
13 11
13 12
13 14
13 15
13 16
13 17
13 18
13 19
13 20
13 21
13 22
13 24
13 26
13 27
13 29
13 30
13 31
13 32
13 33
13 34
13 36
13 38
13 39
13 40
13 41
13 42
13 43
13 44
13 45
13 47
13 48
13 50
13 51
13 52
13 53
13 54
13 56
13 57
13 59
13 64
13 66
13 67
13 68
13 71
13 72
13 73
13 76
13 77
13 78
13 79
13 81
13 82
14 0
14 1
14 2
14 3
14 9
14 10
14 11
14 12
14 13
14 16
14 21
14 31
14 32
14 40
14 45
14 53
14 54
14 57
14 66
14 68
14 73
14 76
14 77
14 78
14 79
14 81
15 4
15 5
15 6
15 7
15 13
15 16
15 17
15 18
15 19
15 20
15 23
15 24
15 25
15 26
15 28
15 29
15 30
15 31
15 33
15 37
15 39
15 41
15 42
15 43
15 44
15 46
15 47
15 49
15 51
15 52
15 55
15 56
15 58
15 59
15 60
15 61
15 63
15 64
15 65
15 69
15 72
15 74
15 75
15 80
16 0
16 1
16 2
16 3
16 5
16 6
16 7
16 8
16 9
16 10
16 11
16 12
16 13
16 14
16 15
16 17
16 18
16 20
16 21
16 24
16 25
16 26
16 27
16 28
16 29
16 30
16 31
16 32
16 34
16 37
16 38
16 39
16 40
16 41
16 42
16 43
16 44
16 45
16 46
16 47
16 48
16 50
16 52
16 53
16 54
16 56
16 57
16 58
16 61
16 62
16 64
16 65
16 66
16 67
16 68
16 69
16 70
16 72
16 73
16 76
16 77
16 78
16 79
16 81
16 82
17 4
17 5
17 7
17 8
17 15
17 16
17 18
17 20
17 22
17 23
17 24
17 25
17 27
17 28
17 29
17 31
17 33
17 34
17 36
17 37
17 39
17 42
17 43
17 44
17 47
17 52
17 56
17 58
17 62
17 65
17 69
17 70
17 71
17 72
18 4
18 5
18 6
18 7
18 8
18 13
18 15
18 16
18 17
18 19
18 20
18 22
18 23
18 24
18 25
18 26
18 27
18 28
18 29
18 30
18 31
18 33
18 34
18 35
18 36
18 37
18 39
18 41
18 42
18 43
18 44
18 45
18 46
18 47
18 49
18 51
18 52
18 55
18 56
18 58
18 59
18 60
18 61
18 63
18 64
18 69
18 70
18 71
18 74
18 75
18 80
19 6
19 7
19 8
19 15
19 16
19 17
19 18
19 20
19 22
19 23
19 24
19 25
19 26
19 27
19 28
19 33
19 34
19 36
19 42
19 43
19 44
19 46
19 47
19 49
19 51
19 52
19 55
19 58
19 59
19 60
19 61
19 70
19 71
19 75
19 80
20 4
20 5
20 6
20 13
20 17
20 18
20 19
20 22
20 23
20 24
20 26
20 28
20 29
20 30
20 31
20 34
20 36
20 39
20 41
20 42
20 43
20 44
20 45
20 46
20 47
20 49
20 51
20 52
20 55
20 56
20 58
20 59
20 62
20 64
20 69
20 71
20 72
20 74
20 75
20 80
21 0
21 1
21 2
21 9
21 12
21 13
21 14
21 16
21 42
21 45
21 48
21 53
21 57
21 66
21 67
21 68
21 76
21 79
22 4
22 5
22 6
22 7
22 13
22 17
22 18
22 19
22 20
22 23
22 25
22 26
22 27
22 28
22 29
22 33
22 34
22 36
22 37
22 39
22 43
22 44
22 45
22 46
22 47
22 49
22 51
22 52
22 56
22 58
22 59
22 61
22 62
22 63
22 64
22 65
22 69
22 70
22 71
22 72
22 74
22 75
22 80
23 4
23 5
23 7
23 8
23 15
23 17
23 19
23 20
23 24
23 25
23 29
23 30
23 33
23 34
23 37
23 39
23 42
23 43
23 44
23 46
23 47
23 49
23 51
23 52
23 56
23 58
23 60
23 61
23 64
23 65
23 69
23 70
23 71
23 72
23 75
23 80
24 4
24 5
24 6
24 7
24 8
24 13
24 15
24 16
24 17
24 18
24 19
24 20
24 23
24 25
24 26
24 28
24 29
24 30
24 31
24 33
24 35
24 36
24 37
24 39
24 41
24 42
24 43
24 44
24 45
24 46
24 47
24 49
24 51
24 52
24 55
24 56
24 58
24 59
24 60
24 61
24 63
24 64
24 65
24 70
24 72
24 74
24 75
24 80
25 4
25 5
25 7
25 8
25 15
25 16
25 17
25 18
25 19
25 20
25 22
25 23
25 24
25 26
25 27
25 28
25 29
25 31
25 34
25 35
25 36
25 37
25 39
25 41
25 42
25 43
25 44
25 46
25 47
25 49
25 52
25 55
25 56
25 58
25 59
25 60
25 61
25 62
25 63
25 64
25 65
25 69
25 70
25 72
25 75
25 80
26 5
26 6
26 13
26 15
26 16
26 18
26 19
26 20
26 22
26 24
26 25
26 27
26 28
26 33
26 34
26 35
26 36
26 37
26 43
26 44
26 45
26 49
26 52
26 59
26 60
26 61
26 63
26 70
26 71
26 72
26 74
26 80
27 4
27 5
27 6
27 7
27 8
27 13
27 16
27 17
27 18
27 19
27 20
27 22
27 24
27 25
27 26
27 28
27 29
27 30
27 31
27 33
27 34
27 35
27 36
27 37
27 39
27 41
27 42
27 43
27 44
27 45
27 46
27 47
27 49
27 51
27 52
27 55
27 56
27 58
27 59
27 60
27 61
27 62
27 63
27 64
27 69
27 70
27 71
27 72
27 74
27 75
27 80
28 4
28 5
28 6
28 7
28 15
28 16
28 17
28 18
28 20
28 22
28 23
28 24
28 25
28 27
28 29
28 34
28 35
28 36
28 37
28 39
28 41
28 44
28 47
28 49
28 52
28 55
28 60
28 62
28 63
28 64
28 65
28 69
28 70
28 72
28 80
29 4
29 5
29 6
29 7
29 8
29 15
29 16
29 17
29 20
29 22
29 23
29 24
29 25
29 26
29 27
29 28
29 34
29 35
29 36
29 37
29 39
29 41
29 42
29 43
29 44
29 47
29 49
29 51
29 52
29 55
29 56
29 58
29 60
29 62
29 63
29 64
29 65
29 69
29 72
29 74
29 75
29 80
30 8
30 13
30 15
30 16
30 18
30 20
30 23
30 24
30 27
30 34
30 41
30 42
30 44
30 45
30 47
30 51
30 52
30 64
30 65
30 71
30 72
31 0
31 1
31 2
31 3
31 4
31 9
31 11
31 12
31 13
31 14
31 15
31 16
31 17
31 20
31 24
31 27
31 29
31 32
31 34
31 38
31 39
31 40
31 41
31 42
31 45
31 50
31 53
31 54
31 56
31 57
31 58
31 64
31 66
31 68
31 72
31 76
31 77
31 81
31 82
32 0
32 1
32 2
32 9
32 11
32 12
32 13
32 14
32 16
32 31
32 42
32 45
32 53
32 54
32 57
32 66
32 68
32 73
32 77
32 79
33 5
33 7
33 13
33 15
33 17
33 18
33 19
33 22
33 23
33 26
33 27
33 28
33 29
33 34
33 36
33 39
33 41
33 42
33 47
33 49
33 51
33 52
33 56
33 59
33 60
33 61
33 63
33 71
33 72
33 74
33 80
34 4
34 5
34 6
34 7
34 13
34 16
34 17
34 18
34 19
34 20
34 23
34 24
34 25
34 26
34 28
34 29
34 30
34 31
34 33
34 35
34 36
34 37
34 39
34 41
34 43
34 44
34 45
34 46
34 47
34 49
34 51
34 52
34 56
34 58
34 59
34 60
34 61
34 63
34 64
34 65
34 71
34 74
34 75
34 80
35 5
35 18
35 22
35 24
35 25
35 26
35 27
35 28
35 29
35 34
35 36
35 37
35 39
35 43
35 47
35 49
35 60
35 63
35 70
35 72
35 80
36 5
36 7
36 13
36 17
36 18
36 19
36 20
36 24
36 25
36 26
36 28
36 29
36 33
36 34
36 35
36 41
36 43
36 44
36 45
36 51
36 52
36 55
36 56
36 60
36 61
36 65
36 71
36 72
36 74
36 80
37 4
37 5
37 6
37 8
37 15
37 16
37 17
37 18
37 22
37 23
37 24
37 25
37 26
37 27
37 28
37 29
37 31
37 34
37 35
37 39
37 41
37 42
37 43
37 44
37 45
37 46
37 47
37 49
37 55
37 56
37 58
37 59
37 60
37 61
37 62
37 63
37 64
37 65
37 69
37 72
37 75
37 80
38 0
38 1
38 2
38 9
38 13
38 14
38 16
38 31
38 42
38 45
38 50
38 53
38 54
38 57
38 66
38 67
38 76
38 77
38 79
38 81
38 82
39 4
39 5
39 7
39 13
39 15
39 16
39 17
39 18
39 20
39 23
39 24
39 25
39 27
39 28
39 29
39 31
39 33
39 34
39 35
39 37
39 41
39 42
39 43
39 44
39 45
39 47
39 49
39 51
39 55
39 56
39 58
39 61
39 63
39 64
39 65
39 69
39 71
39 72
39 74
39 80
40 0
40 1
40 2
40 3
40 9
40 11
40 13
40 14
40 16
40 31
40 45
40 57
40 67
40 68
40 77
40 81
41 8
41 15
41 16
41 18
41 19
41 20
41 22
41 23
41 24
41 25
41 27
41 28
41 29
41 30
41 31
41 33
41 34
41 37
41 39
41 42
41 43
41 44
41 45
41 47
41 51
41 52
41 55
41 56
41 62
41 64
41 65
41 70
41 71
41 72
42 0
42 1
42 2
42 3
42 4
42 7
42 8
42 9
42 10
42 11
42 12
42 13
42 15
42 16
42 17
42 18
42 19
42 20
42 23
42 24
42 25
42 27
42 28
42 29
42 30
42 31
42 32
42 37
42 38
42 39
42 40
42 41
42 43
42 44
42 45
42 46
42 47
42 48
42 50
42 52
42 53
42 54
42 55
42 56
42 57
42 58
42 59
42 60
42 61
42 62
42 64
42 65
42 66
42 67
42 68
42 69
42 70
42 71
42 72
42 73
42 75
42 78
42 79
42 81
43 4
43 5
43 6
43 7
43 13
43 16
43 17
43 18
43 19
43 20
43 22
43 23
43 25
43 26
43 27
43 28
43 29
43 33
43 34
43 35
43 36
43 37
43 39
43 41
43 42
43 44
43 45
43 46
43 47
43 51
43 52
43 56
43 58
43 59
43 60
43 61
43 62
43 63
43 65
43 70
43 72
43 74
43 80
44 4
44 5
44 7
44 8
44 13
44 15
44 16
44 17
44 18
44 19
44 20
44 22
44 23
44 24
44 25
44 26
44 27
44 28
44 29
44 30
44 31
44 33
44 34
44 35
44 36
44 37
44 39
44 41
44 42
44 43
44 45
44 46
44 47
44 49
44 51
44 52
44 56
44 58
44 59
44 60
44 61
44 62
44 63
44 64
44 65
44 69
44 70
44 71
44 72
44 74
44 75
44 80
45 0
45 1
45 2
45 3
45 9
45 10
45 11
45 12
45 13
45 14
45 16
45 17
45 18
45 19
45 20
45 21
45 22
45 24
45 25
45 26
45 27
45 30
45 31
45 32
45 34
45 36
45 37
45 38
45 39
45 40
45 41
45 42
45 43
45 48
45 50
45 51
45 52
45 53
45 54
45 56
45 57
45 59
45 66
45 67
45 68
45 73
45 76
45 77
45 78
45 79
45 81
45 82
46 8
46 15
46 16
46 19
46 22
46 23
46 24
46 25
46 34
46 37
46 41
46 42
46 43
46 44
46 47
46 51
46 52
46 56
46 58
46 64
46 65
46 69
46 72
47 15
47 17
47 18
47 20
47 22
47 23
47 24
47 25
47 26
47 27
47 28
47 30
47 35
47 37
47 39
47 41
47 42
47 43
47 44
47 49
47 52
47 61
47 65
47 74
47 75
47 80
48 0
48 1
48 2
48 9
48 10
48 11
48 12
48 13
48 16
48 31
48 42
48 45
48 50
48 53
48 57
48 66
48 67
48 68
48 73
48 78
48 79
48 81
49 4
49 6
49 15
49 17
49 18
49 19
49 20
49 24
49 25
49 26
49 27
49 28
49 29
49 34
49 35
49 37
49 44
49 47
49 52
49 55
49 56
49 59
49 60
49 63
49 69
49 70
49 71
49 72
49 74
49 80
50 0
50 1
50 2
50 3
50 9
50 11
50 12
50 13
50 14
50 16
50 31
50 38
50 40
50 42
50 45
50 48
50 54
50 57
50 66
50 67
50 68
50 73
50 76
50 77
50 78
50 81
50 82
51 5
51 6
51 13
51 15
51 19
51 20
51 22
51 23
51 24
51 26
51 27
51 29
51 30
51 33
51 34
51 36
51 39
51 41
51 43
51 44
51 45
51 46
51 47
51 49
51 52
51 55
51 59
51 60
51 61
51 64
51 65
51 70
51 71
51 72
51 74
51 80
52 4
52 5
52 7
52 8
52 13
52 15
52 16
52 17
52 18
52 19
52 22
52 23
52 24
52 25
52 27
52 28
52 29
52 30
52 31
52 33
52 34
52 36
52 37
52 41
52 42
52 44
52 45
52 46
52 47
52 49
52 51
52 55
52 56
52 58
52 59
52 61
52 63
52 64
52 65
52 70
52 71
52 72
52 74
52 75
52 80
53 0
53 2
53 9
53 10
53 12
53 13
53 16
53 21
53 31
53 32
53 38
53 42
53 45
53 48
53 50
53 54
53 57
53 66
53 67
53 68
53 73
53 76
53 78
53 79
54 0
54 1
54 2
54 3
54 11
54 12
54 13
54 14
54 16
54 31
54 32
54 38
54 42
54 45
54 53
54 57
54 66
54 67
54 68
54 73
54 76
54 78
54 81
54 82
55 15
55 19
55 20
55 23
55 24
55 25
55 27
55 28
55 29
55 34
55 36
55 41
55 42
55 47
55 49
55 51
55 52
55 58
55 60
55 65
55 69
55 71
55 74
56 4
56 5
56 8
56 13
56 15
56 16
56 17
56 18
56 20
56 22
56 23
56 25
56 27
56 28
56 29
56 31
56 36
56 37
56 39
56 41
56 42
56 43
56 44
56 45
56 47
56 49
56 52
56 58
56 60
56 61
56 62
56 63
56 64
56 65
56 71
56 72
57 0
57 2
57 3
57 9
57 10
57 11
57 12
57 13
57 14
57 16
57 31
57 32
57 40
57 42
57 45
57 48
57 50
57 53
57 54
57 66
57 67
57 68
57 73
57 76
57 77
57 78
57 79
57 82
58 4
58 5
58 8
58 15
58 16
58 17
58 19
58 20
58 22
58 23
58 24
58 25
58 28
58 29
58 31
58 34
58 37
58 39
58 41
58 42
58 44
58 46
58 52
58 55
58 56
58 60
58 61
58 62
58 63
58 64
58 69
58 72
58 75
59 4
59 5
59 6
59 13
59 15
59 17
59 18
59 19
59 20
59 22
59 24
59 25
59 26
59 27
59 28
59 29
59 33
59 34
59 36
59 37
59 42
59 43
59 44
59 45
59 47
59 49
59 51
59 52
59 58
59 60
59 61
59 63
59 69
59 72
59 74
59 80
60 5
60 15
60 18
60 19
60 22
60 24
60 25
60 27
60 28
60 29
60 33
60 34
60 35
60 36
60 43
60 44
60 47
60 49
60 51
60 55
60 59
60 64
60 65
60 69
60 72
61 8
61 15
61 16
61 19
61 22
61 23
61 24
61 25
61 28
61 33
61 34
61 36
61 37
61 39
61 41
61 42
61 43
61 44
61 46
61 47
61 51
61 52
61 56
61 58
61 59
61 64
61 65
61 70
62 5
62 16
62 17
62 20
62 23
62 25
62 28
62 29
62 37
62 41
62 42
62 44
62 52
62 56
62 58
62 64
62 72
63 4
63 5
63 7
63 15
63 17
63 18
63 22
63 23
63 24
63 25
63 26
63 27
63 28
63 29
63 34
63 35
63 37
63 43
63 47
63 49
63 58
63 59
63 60
63 65
63 69
63 70
63 71
63 72
63 75
64 4
64 5
64 8
64 15
64 16
64 17
64 20
64 22
64 23
64 25
64 27
64 28
64 29
64 30
64 31
64 34
64 37
64 39
64 41
64 42
64 43
64 44
64 47
64 51
64 56
64 58
64 60
64 61
64 62
64 65
64 69
64 71
64 72
64 75
65 4
65 5
65 7
65 8
65 15
65 16
65 17
65 19
65 20
65 22
65 23
65 24
65 25
65 26
65 27
65 28
65 29
65 30
65 33
65 34
65 37
65 39
65 41
65 42
65 44
65 46
65 47
65 49
65 51
65 52
65 55
65 56
65 58
65 59
65 60
65 61
65 63
65 64
65 69
65 72
65 74
65 75
66 0
66 1
66 2
66 3
66 12
66 13
66 14
66 16
66 21
66 31
66 32
66 40
66 42
66 45
66 48
66 50
66 53
66 54
66 57
66 67
66 68
66 76
66 77
66 81
66 82
67 0
67 1
67 2
67 3
67 9
67 10
67 12
67 13
67 16
67 21
67 38
67 40
67 42
67 45
67 48
67 50
67 53
67 54
67 57
67 66
67 68
67 73
67 78
67 79
67 81
68 0
68 1
68 2
68 3
68 9
68 10
68 11
68 12
68 13
68 14
68 16
68 21
68 31
68 32
68 40
68 42
68 45
68 48
68 50
68 53
68 54
68 57
68 66
68 67
68 73
68 76
68 78
68 79
68 81
69 5
69 15
69 16
69 17
69 23
69 25
69 27
69 28
69 29
69 37
69 39
69 42
69 44
69 46
69 47
69 49
69 55
69 58
69 59
69 60
69 64
69 65
69 72
69 75
70 4
70 5
70 16
70 17
70 18
70 19
70 22
70 23
70 25
70 27
70 28
70 35
70 36
70 41
70 42
70 43
70 44
70 47
70 49
70 51
70 52
70 60
70 63
70 72
70 80
71 5
71 7
71 8
71 13
71 15
71 17
71 18
71 19
71 20
71 22
71 23
71 25
71 26
71 27
71 28
71 30
71 33
71 34
71 39
71 41
71 42
71 43
71 44
71 47
71 49
71 51
71 52
71 55
71 56
71 58
71 60
71 61
71 63
71 65
71 72
71 74
71 75
71 80
72 4
72 5
72 6
72 7
72 8
72 13
72 15
72 16
72 17
72 19
72 20
72 22
72 23
72 25
72 26
72 27
72 28
72 29
72 30
72 31
72 35
72 36
72 37
72 39
72 41
72 42
72 43
72 44
72 45
72 46
72 47
72 49
72 51
72 52
72 55
72 56
72 58
72 59
72 60
72 62
72 63
72 64
72 65
72 69
72 70
72 71
72 74
72 75
72 80
73 0
73 1
73 2
73 3
73 9
73 10
73 12
73 13
73 14
73 16
73 31
73 32
73 42
73 48
73 50
73 53
73 54
73 57
73 67
73 68
73 77
73 78
73 79
74 6
74 15
74 18
74 20
74 22
74 24
74 27
74 29
74 36
74 39
74 43
74 44
74 47
74 49
74 51
74 52
74 55
74 71
74 72
74 80
75 4
75 8
75 18
75 19
75 20
75 22
75 23
75 24
75 25
75 28
75 29
75 34
75 37
75 42
75 44
75 47
75 52
75 55
75 58
75 63
75 64
75 65
75 69
75 72
76 0
76 1
76 2
76 3
76 9
76 10
76 11
76 12
76 13
76 14
76 16
76 21
76 31
76 32
76 38
76 45
76 50
76 53
76 54
76 57
76 66
76 68
76 77
76 78
76 81
77 0
77 1
77 2
77 3
77 9
77 10
77 11
77 12
77 13
77 14
77 16
77 31
77 32
77 38
77 40
77 45
77 50
77 53
77 54
77 57
77 66
77 68
77 73
77 76
77 78
77 79
77 81
77 82
78 0
78 2
78 3
78 9
78 10
78 12
78 13
78 14
78 16
78 42
78 48
78 50
78 53
78 57
78 67
78 68
78 73
78 76
78 79
79 0
79 2
79 9
79 10
79 11
79 12
79 13
79 14
79 16
79 21
79 31
79 32
79 38
79 42
79 45
79 48
79 53
79 57
79 67
79 68
79 73
79 77
79 78
80 5
80 6
80 7
80 15
80 16
80 18
80 20
80 22
80 23
80 24
80 25
80 26
80 27
80 28
80 29
80 33
80 34
80 35
80 36
80 37
80 39
80 43
80 44
80 47
80 49
80 52
80 70
80 71
80 72
80 74
81 0
81 1
81 2
81 3
81 11
81 12
81 13
81 14
81 16
81 21
81 31
81 38
81 40
81 42
81 45
81 48
81 50
81 54
81 66
81 67
81 68
81 76
81 77
81 79
81 82
82 1
82 3
82 11
82 12
82 13
82 14
82 16
82 31
82 38
82 45
82 50
82 54
82 57
82 77
82 81
2
3
4
6
21
28
41
44
46
54
55
56
57
58
59
62
63
81
82
83
87
89
105
106
107
114
115
121
128
129
132
137
138
142
160
165
166
169
174
183
194
210
211
212
249
252
255
256
271
280
281
282
283
285
286
290
303
305
329
333
340
355
363
367
371
405
408
411
412
419
420
424
434
481
493
495
520
685
738
809
820
859
880
