75 2387 16
0 1
0 2
0 3
0 6
0 7
0 8
0 9
0 10
0 11
0 13
0 19
0 28
0 29
0 31
0 35
0 38
0 41
0 44
0 46
0 49
0 50
0 53
0 61
0 62
0 63
0 66
0 68
0 69
0 70
0 71
0 72
0 74
1 0
1 2
1 3
1 8
1 9
1 10
1 11
1 13
1 19
1 28
1 35
1 38
1 41
1 44
1 46
1 50
1 52
1 61
1 62
1 63
1 68
1 69
1 74
2 0
2 1
2 3
2 6
2 7
2 8
2 9
2 10
2 11
2 12
2 13
2 14
2 15
2 19
2 22
2 23
2 25
2 28
2 29
2 30
2 31
2 33
2 34
2 35
2 36
2 38
2 41
2 44
2 46
2 47
2 48
2 49
2 50
2 53
2 60
2 61
2 62
2 63
2 64
2 65
2 66
2 68
2 69
2 70
2 71
2 72
2 74
3 0
3 1
3 2
3 6
3 7
3 8
3 9
3 10
3 11
3 13
3 19
3 28
3 38
3 41
3 46
3 49
3 53
3 61
3 62
3 63
3 66
3 68
3 69
3 71
3 74
4 5
4 12
4 14
4 15
4 16
4 17
4 18
4 20
4 21
4 22
4 23
4 24
4 25
4 26
4 27
4 28
4 31
4 33
4 34
4 36
4 37
4 38
4 39
4 40
4 43
4 45
4 47
4 48
4 52
4 54
4 55
4 57
4 58
4 59
4 60
4 64
4 65
4 67
4 73
5 4
5 12
5 13
5 14
5 17
5 18
5 20
5 22
5 23
5 24
5 26
5 27
5 31
5 32
5 34
5 36
5 39
5 40
5 52
5 54
5 56
5 58
5 60
5 64
5 65
6 0
6 3
6 7
6 8
6 9
6 10
6 11
6 13
6 19
6 28
6 29
6 35
6 38
6 41
6 44
6 46
6 49
6 53
6 62
6 63
6 66
6 68
6 69
6 70
6 71
6 72
7 0
7 3
7 6
7 8
7 9
7 10
7 11
7 38
7 44
7 49
7 53
7 62
7 63
7 66
7 69
7 70
7 71
7 72
8 0
8 1
8 2
8 3
8 6
8 7
8 9
8 10
8 11
8 13
8 19
8 28
8 29
8 35
8 38
8 44
8 50
8 52
8 53
8 61
8 63
8 66
8 68
8 69
8 70
8 71
8 72
8 74
9 0
9 1
9 2
9 3
9 6
9 7
9 8
9 10
9 11
9 13
9 19
9 28
9 29
9 31
9 35
9 38
9 41
9 44
9 46
9 49
9 50
9 52
9 53
9 61
9 62
9 63
9 66
9 68
9 69
9 71
9 72
9 74
10 0
10 1
10 2
10 3
10 6
10 7
10 8
10 9
10 11
10 12
10 13
10 14
10 15
10 16
10 18
10 19
10 20
10 22
10 24
10 25
10 27
10 28
10 29
10 30
10 31
10 33
10 35
10 36
10 37
10 38
10 39
10 40
10 41
10 43
10 44
10 46
10 47
10 48
10 49
10 50
10 52
10 53
10 55
10 59
10 61
10 62
10 63
10 64
10 65
10 66
10 68
10 69
10 70
10 71
10 72
10 74
11 0
11 1
11 2
11 3
11 6
11 7
11 8
11 9
11 10
11 13
11 19
11 28
11 29
11 31
11 41
11 49
11 50
11 52
11 53
11 61
11 63
11 66
11 68
11 69
11 70
11 71
11 72
11 74
12 2
12 4
12 5
12 10
12 13
12 14
12 15
12 16
12 17
12 18
12 21
12 22
12 23
12 24
12 26
12 27
12 28
12 30
12 34
12 36
12 37
12 38
12 39
12 40
12 42
12 43
12 45
12 47
12 48
12 51
12 52
12 54
12 55
12 56
12 57
12 58
12 59
12 60
12 65
12 67
12 73
13 0
13 1
13 2
13 3
13 5
13 6
13 7
13 8
13 9
13 10
13 11
13 12
13 14
13 15
13 18
13 19
13 22
13 23
13 24
13 25
13 26
13 27
13 28
13 29
13 31
13 34
13 35
13 36
13 37
13 38
13 39
13 40
13 41
13 42
13 43
13 44
13 46
13 48
13 49
13 50
13 52
13 53
13 54
13 57
13 59
13 60
13 61
13 62
13 63
13 65
13 66
13 68
13 69
13 71
13 72
13 74
14 4
14 5
14 12
14 13
14 15
14 17
14 18
14 20
14 21
14 22
14 23
14 25
14 26
14 27
14 28
14 30
14 31
14 33
14 34
14 36
14 38
14 39
14 40
14 43
14 48
14 52
14 54
14 60
14 64
14 65
15 2
15 4
15 5
15 10
15 12
15 13
15 14
15 16
15 17
15 18
15 20
15 21
15 22
15 23
15 24
15 25
15 26
15 27
15 28
15 30
15 31
15 32
15 33
15 34
15 36
15 37
15 38
15 39
15 40
15 41
15 42
15 43
15 45
15 47
15 48
15 51
15 52
15 54
15 55
15 56
15 57
15 58
15 59
15 64
15 67
15 73
16 12
16 13
16 14
16 15
16 17
16 18
16 20
16 21
16 22
16 23
16 24
16 25
16 26
16 30
16 31
16 33
16 38
16 39
16 40
16 42
16 43
16 45
16 47
16 48
16 51
16 54
16 55
16 56
16 57
16 64
16 73
17 4
17 5
17 12
17 14
17 15
17 16
17 18
17 20
17 21
17 22
17 23
17 24
17 25
17 26
17 27
17 30
17 33
17 37
17 39
17 43
17 45
17 48
17 51
17 56
17 64
17 73
18 4
18 5
18 10
18 14
18 15
18 16
18 20
18 21
18 22
18 24
18 26
18 27
18 28
18 31
18 33
18 36
18 37
18 38
18 39
18 40
18 41
18 42
18 43
18 45
18 47
18 48
18 51
18 52
18 54
18 55
18 59
18 64
18 65
18 67
18 73
19 0
19 1
19 2
19 6
19 9
19 10
19 11
19 13
19 38
19 41
19 44
19 49
19 52
19 53
19 61
19 62
19 63
19 68
19 72
20 4
20 5
20 10
20 14
20 15
20 16
20 17
20 18
20 21
20 23
20 24
20 25
20 26
20 27
20 30
20 31
20 33
20 34
20 36
20 39
20 40
20 41
20 42
20 43
20 45
20 47
20 48
20 52
20 54
20 55
20 57
20 58
20 59
20 60
20 64
20 65
20 67
20 73
21 4
21 5
21 12
21 14
21 16
21 18
21 22
21 23
21 27
21 30
21 31
21 34
21 36
21 38
21 39
21 40
21 42
21 43
21 45
21 47
21 48
21 52
21 54
21 56
21 57
21 59
21 60
21 64
21 65
21 67
21 73
22 2
22 4
22 5
22 10
22 12
22 13
22 14
22 15
22 16
22 17
22 18
22 21
22 23
22 24
22 26
22 27
22 28
22 30
22 32
22 33
22 34
22 36
22 37
22 38
22 39
22 40
22 41
22 42
22 43
22 45
22 47
22 48
22 51
22 52
22 54
22 55
22 56
22 57
22 58
22 59
22 60
22 65
22 67
22 73
23 2
23 4
23 5
23 12
23 13
23 14
23 15
23 16
23 18
23 20
23 21
23 22
23 24
23 25
23 26
23 27
23 28
23 31
23 32
23 33
23 34
23 36
23 37
23 38
23 39
23 40
23 42
23 43
23 45
23 48
23 51
23 52
23 54
23 55
23 56
23 57
23 58
23 59
23 60
23 65
23 67
23 73
24 5
24 10
24 12
24 13
24 15
24 16
24 18
24 20
24 22
24 23
24 25
24 26
24 30
24 31
24 32
24 33
24 34
24 39
24 40
24 41
24 45
24 48
24 55
24 56
24 57
24 58
24 64
24 65
24 73
25 2
25 4
25 5
25 10
25 13
25 14
25 15
25 16
25 17
25 18
25 20
25 22
25 23
25 24
25 26
25 27
25 28
25 30
25 31
25 32
25 33
25 34
25 36
25 37
25 38
25 39
25 40
25 41
25 42
25 43
25 45
25 47
25 48
25 51
25 52
25 54
25 55
25 56
25 57
25 58
25 59
25 64
25 65
25 67
25 73
26 4
26 5
26 12
26 13
26 14
26 15
26 17
26 18
26 20
26 21
26 22
26 23
26 25
26 27
26 31
26 32
26 33
26 34
26 36
26 37
26 40
26 43
26 45
26 48
26 51
26 56
26 58
26 59
26 60
26 65
26 73
27 4
27 5
27 12
27 13
27 14
27 17
27 18
27 20
27 21
27 22
27 23
27 24
27 25
27 26
27 31
27 32
27 33
27 34
27 36
27 37
27 38
27 39
27 40
27 43
27 45
27 47
27 48
27 51
27 52
27 54
27 56
27 58
27 59
27 60
27 65
27 67
27 73
28 0
28 1
28 2
28 3
28 4
28 6
28 8
28 9
28 10
28 11
28 12
28 13
28 14
28 18
28 22
28 25
28 27
28 29
28 31
28 35
28 36
28 37
28 38
28 41
28 46
28 49
28 50
28 52
28 53
28 54
28 59
28 61
28 63
28 65
28 68
28 69
28 74
29 0
29 1
29 2
29 6
29 8
29 9
29 10
29 11
29 13
29 28
29 31
29 38
29 41
29 49
29 50
29 53
29 61
29 63
29 66
29 69
29 72
30 2
30 5
30 10
30 12
30 14
30 15
30 16
30 17
30 20
30 21
30 24
30 25
30 26
30 27
30 31
30 32
30 33
30 36
30 37
30 38
30 43
30 45
30 47
30 48
30 52
30 55
30 56
30 57
30 58
30 64
30 65
30 73
31 0
31 1
31 2
31 4
31 5
31 6
31 8
31 9
31 10
31 11
31 13
31 14
31 15
31 16
31 18
31 21
31 22
31 23
31 24
31 26
31 27
31 28
31 29
31 30
31 32
31 33
31 34
31 36
31 37
31 39
31 40
31 41
31 42
31 43
31 45
31 46
31 47
31 48
31 49
31 50
31 52
31 54
31 55
31 56
31 57
31 58
31 59
31 60
31 64
31 66
31 67
31 68
31 69
31 72
31 73
31 74
32 5
32 15
32 17
32 20
32 22
32 23
32 24
32 25
32 26
32 27
32 30
32 31
32 33
32 34
32 36
32 39
32 45
32 56
32 58
32 65
32 73
33 2
33 5
33 10
33 14
33 15
33 16
33 17
33 18
33 22
33 23
33 24
33 26
33 27
33 30
33 31
33 32
33 37
33 39
33 40
33 41
33 47
33 48
33 51
33 52
33 56
33 57
33 60
33 64
33 65
33 73
34 4
34 5
34 12
34 13
34 14
34 15
34 20
34 21
34 22
34 23
34 24
34 25
34 26
34 27
34 28
34 31
34 32
34 36
34 37
34 38
34 39
34 40
34 41
34 42
34 43
34 45
34 52
34 54
34 55
34 56
34 57
34 58
34 59
34 60
34 65
34 67
34 73
35 0
35 1
35 2
35 6
35 10
35 11
35 13
35 28
35 38
35 41
35 46
35 49
35 50
35 52
35 53
35 61
35 62
35 68
35 69
35 72
35 74
36 2
36 4
36 5
36 10
36 12
36 13
36 14
36 15
36 18
36 21
36 22
36 23
36 25
36 26
36 27
36 28
36 30
36 31
36 32
36 34
36 37
36 38
36 39
36 40
36 41
36 43
36 45
36 47
36 51
36 52
36 54
36 57
36 58
36 59
36 60
36 64
36 65
36 73
37 12
37 13
37 15
37 16
37 18
37 20
37 21
37 22
37 23
37 25
37 26
37 27
37 28
37 30
37 31
37 34
37 36
37 38
37 39
37 40
37 41
37 43
37 47
37 48
37 51
37 52
37 59
37 60
37 64
37 65
38 0
38 1
38 2
38 3
38 4
38 6
38 7
38 8
38 9
38 10
38 12
38 13
38 14
38 15
38 16
38 18
38 21
38 22
38 23
38 25
38 26
38 27
38 28
38 29
38 34
38 35
38 36
38 37
38 39
38 40
38 41
38 42
38 43
38 44
38 46
38 48
38 49
38 50
38 51
38 52
38 53
38 54
38 55
38 56
38 57
38 59
38 60
38 61
38 62
38 63
38 64
38 65
38 66
38 67
38 70
38 71
38 72
38 74
39 4
39 5
39 10
39 13
39 14
39 15
39 16
39 17
39 18
39 20
39 21
39 23
39 24
39 25
39 26
39 27
39 30
39 31
39 32
39 33
39 34
39 36
39 37
39 38
39 40
39 41
39 42
39 43
39 47
39 48
39 52
39 54
39 55
39 56
39 57
39 58
39 60
39 65
39 73
40 4
40 5
40 10
40 12
40 13
40 14
40 15
40 16
40 18
40 20
40 21
40 22
40 23
40 24
40 25
40 26
40 27
40 28
40 30
40 31
40 32
40 33
40 34
40 36
40 37
40 38
40 39
40 41
40 42
40 43
40 45
40 47
40 48
40 52
40 54
40 55
40 56
40 57
40 58
40 59
40 60
40 64
40 65
40 67
40 73
41 0
41 1
41 2
41 3
41 6
41 7
41 8
41 9
41 10
41 11
41 13
41 14
41 15
41 16
41 18
41 19
41 20
41 22
41 23
41 24
41 25
41 28
41 29
41 31
41 33
41 34
41 35
41 36
41 37
41 38
41 39
41 44
41 46
41 47
41 48
41 49
41 50
41 52
41 53
41 55
41 61
41 62
41 63
41 66
41 68
41 69
41 71
41 72
41 74
42 12
42 13
42 16
42 20
42 21
42 22
42 23
42 31
42 34
42 37
42 38
42 39
42 40
42 47
42 48
42 52
42 54
42 59
42 60
42 64
42 65
43 12
43 14
43 15
43 18
43 20
43 21
43 22
43 23
43 24
43 25
43 26
43 34
43 36
43 37
43 38
43 39
43 40
43 45
43 48
43 57
43 60
43 73
44 0
44 1
44 2
44 6
44 7
44 8
44 9
44 10
44 13
44 28
44 38
44 41
44 46
44 49
44 52
44 53
44 61
44 62
44 63
44 66
44 70
44 71
44 72
44 74
45 4
45 12
45 14
45 15
45 16
45 17
45 18
45 22
45 23
45 24
45 25
45 26
45 27
45 31
45 32
45 34
45 40
45 43
45 48
45 51
45 52
45 55
45 56
45 58
45 64
45 65
45 73
46 0
46 1
46 2
46 3
46 6
46 8
46 9
46 10
46 11
46 13
46 28
46 31
46 35
46 38
46 41
46 44
46 50
46 53
46 61
46 62
46 63
46 66
46 68
46 69
46 70
46 71
46 74
47 2
47 5
47 10
47 12
47 16
47 18
47 20
47 21
47 22
47 24
47 25
47 27
47 30
47 31
47 33
47 36
47 37
47 39
47 40
47 41
47 42
47 43
47 45
47 48
47 51
47 55
47 56
47 57
47 59
47 60
47 64
47 65
47 73
48 2
48 4
48 5
48 10
48 12
48 13
48 14
48 15
48 16
48 17
48 20
48 21
48 22
48 23
48 25
48 26
48 27
48 28
48 30
48 31
48 33
48 34
48 37
48 38
48 40
48 41
48 42
48 43
48 45
48 47
48 51
48 52
48 54
48 55
48 57
48 58
48 59
48 60
48 64
48 65
48 67
48 73
49 0
49 2
49 6
49 7
49 9
49 10
49 13
49 19
49 28
49 29
49 31
49 35
49 38
49 41
49 44
49 46
49 50
49 52
49 53
49 61
49 62
49 63
49 66
49 68
49 70
49 71
49 72
50 0
50 1
50 2
50 3
50 8
50 9
50 10
50 11
50 13
50 28
50 29
50 35
50 38
50 41
50 49
50 52
50 53
50 61
50 62
50 63
50 66
50 68
50 74
51 12
51 16
51 17
51 18
51 21
51 22
51 23
51 25
51 26
51 27
51 31
51 33
51 37
51 38
51 45
51 47
51 48
51 56
51 60
51 64
52 1
52 2
52 4
52 5
52 8
52 9
52 10
52 11
52 12
52 13
52 14
52 15
52 18
52 19
52 20
52 21
52 23
52 25
52 26
52 27
52 28
52 33
52 34
52 35
52 36
52 37
52 38
52 39
52 40
52 41
52 43
52 44
52 45
52 46
52 48
52 49
52 50
52 54
52 56
52 57
52 58
52 59
52 60
52 62
52 63
52 64
52 65
52 68
52 74
53 0
53 2
53 3
53 6
53 7
53 8
53 9
53 10
53 11
53 13
53 28
53 29
53 38
53 41
53 44
53 46
53 49
53 50
53 61
53 62
53 63
53 66
53 68
53 69
53 70
53 71
53 72
54 4
54 5
54 12
54 13
54 14
54 16
54 18
54 20
54 21
54 22
54 23
54 26
54 27
54 28
54 31
54 34
54 36
54 37
54 38
54 40
54 42
54 48
54 52
54 57
54 58
54 59
54 65
54 67
55 4
55 5
55 10
55 12
55 14
55 15
55 16
55 18
55 20
55 22
55 23
55 24
55 25
55 26
55 27
55 30
55 31
55 32
55 33
55 34
55 38
55 39
55 40
55 41
55 43
55 45
55 47
55 48
55 54
55 56
55 57
55 58
55 65
55 73
56 5
56 12
56 15
56 16
56 17
56 20
56 22
56 23
56 25
56 26
56 27
56 30
56 31
56 32
56 33
56 39
56 40
56 45
56 47
56 51
56 55
56 59
56 60
56 65
57 12
57 13
57 16
57 20
57 21
57 22
57 23
57 26
57 30
57 31
57 33
57 34
57 36
57 37
57 38
57 39
57 40
57 42
57 43
57 47
57 48
57 52
57 54
57 55
57 59
57 60
58 4
58 5
58 12
58 14
58 15
58 20
58 21
58 22
58 23
58 24
58 25
58 26
58 27
58 31
58 32
58 34
58 39
58 43
58 45
58 54
58 55
58 56
58 60
58 64
58 65
58 67
59 4
59 5
59 12
59 13
59 14
59 18
59 20
59 21
59 23
59 25
59 26
59 27
59 28
59 31
59 34
59 36
59 37
59 38
59 39
59 40
59 43
59 47
59 52
59 54
59 56
59 57
59 60
59 64
59 65
59 67
60 2
60 4
60 5
60 12
60 13
60 14
60 16
60 18
60 20
60 21
60 22
60 23
60 24
60 25
60 26
60 27
60 30
60 31
60 34
60 36
60 37
60 38
60 40
60 42
60 43
60 45
60 47
60 48
60 51
60 52
60 54
60 55
60 56
60 57
60 58
60 59
60 65
60 67
61 0
61 1
61 2
61 3
61 9
61 10
61 11
61 13
61 19
61 28
61 29
61 38
61 41
61 44
61 46
61 49
61 50
61 53
61 62
61 63
61 68
61 69
61 74
62 0
62 1
62 2
62 3
62 6
62 7
62 9
62 10
62 13
62 19
62 35
62 38
62 41
62 44
62 46
62 49
62 50
62 52
62 53
62 61
62 63
62 66
62 70
62 71
62 72
62 74
63 0
63 1
63 2
63 3
63 6
63 7
63 8
63 9
63 10
63 11
63 13
63 19
63 28
63 29
63 38
63 41
63 44
63 46
63 49
63 50
63 52
63 53
63 61
63 62
63 66
63 68
63 70
63 71
63 72
63 74
64 2
64 5
64 10
64 12
64 14
64 15
64 16
64 18
64 20
64 21
64 23
64 24
64 25
64 26
64 30
64 31
64 36
64 37
64 38
64 39
64 40
64 43
64 45
64 47
64 48
64 51
64 52
64 54
64 56
64 57
64 58
64 60
64 65
64 67
64 73
65 4
65 5
65 10
65 12
65 13
65 14
65 16
65 18
65 20
65 21
65 23
65 24
65 25
65 26
65 27
65 28
65 32
65 33
65 34
65 36
65 37
65 38
65 39
65 40
65 41
65 42
65 43
65 45
65 47
65 48
65 51
65 52
65 54
65 55
65 56
65 58
65 59
65 60
65 64
65 67
65 73
66 0
66 1
66 2
66 3
66 6
66 7
66 9
66 10
66 11
66 13
66 28
66 29
66 31
66 38
66 44
66 46
66 49
66 50
66 53
66 62
66 63
66 69
66 70
66 71
66 72
67 4
67 15
67 18
67 20
67 21
67 22
67 23
67 26
67 27
67 31
67 34
67 38
67 40
67 48
67 54
67 58
67 59
67 60
67 65
68 0
68 1
68 2
68 3
68 6
68 8
68 9
68 10
68 11
68 13
68 19
68 28
68 29
68 31
68 35
68 41
68 46
68 49
68 50
68 52
68 53
68 61
68 63
68 69
68 74
69 0
69 1
69 2
69 3
69 6
69 7
69 8
69 9
69 10
69 11
69 13
69 28
69 29
69 31
69 35
69 41
69 46
69 49
69 50
69 53
69 61
69 63
69 66
69 68
69 70
69 71
69 72
69 74
70 0
70 6
70 7
70 8
70 9
70 10
70 11
70 38
70 44
70 49
70 53
70 62
70 63
70 66
70 69
70 71
70 72
71 0
71 2
71 3
71 6
71 7
71 9
71 10
71 11
71 13
71 38
71 44
71 46
71 49
71 53
71 62
71 63
71 66
71 70
71 72
72 0
72 2
72 6
72 7
72 8
72 9
72 10
72 11
72 13
72 19
72 28
72 29
72 31
72 35
72 38
72 41
72 44
72 49
72 53
72 62
72 63
72 66
72 69
72 70
72 71
73 5
73 12
73 13
73 15
73 17
73 18
73 20
73 21
73 22
73 23
73 24
73 25
73 26
73 27
73 30
73 31
73 32
73 33
73 34
73 36
73 39
73 40
73 43
73 45
73 48
73 64
73 65
74 0
74 1
74 2
74 3
74 8
74 9
74 10
74 11
74 13
74 19
74 28
74 31
74 35
74 38
74 41
74 44
74 46
74 50
74 52
74 61
74 62
74 63
74 68
74 69
74 72
2
3
4
6
21
28
54
55
56
57
58
59
62
63
81
82
83
86
87
89
105
106
107
114
115
121
128
129
137
138
142
160
165
166
169
174
183
210
211
212
249
252
255
256
271
280
281
282
283
285
286
290
303
305
329
333
340
355
367
371
405
408
411
412
424
434
481
495
520
685
698
738
809
820
859
