58 1459 21
0 1
0 2
0 3
0 6
0 7
0 8
0 9
0 10
0 12
0 24
0 25
0 30
0 33
0 34
0 36
0 38
0 39
0 41
0 47
0 48
0 49
0 52
0 53
0 54
0 55
0 57
1 0
1 2
1 3
1 7
1 8
1 9
1 10
1 12
1 24
1 30
1 33
1 34
1 36
1 39
1 47
1 48
1 49
1 53
1 54
1 57
2 0
2 1
2 3
2 6
2 7
2 8
2 9
2 10
2 12
2 24
2 25
2 30
2 33
2 34
2 36
2 38
2 39
2 41
2 47
2 48
2 49
2 52
2 53
2 54
2 55
2 57
3 0
3 1
3 2
3 6
3 7
3 8
3 9
3 10
3 12
3 24
3 30
3 33
3 36
3 38
3 41
3 47
3 48
3 49
3 52
3 53
3 54
3 57
4 5
4 11
4 13
4 14
4 15
4 16
4 17
4 18
4 19
4 20
4 21
4 22
4 23
4 26
4 27
4 28
4 29
4 30
4 31
4 32
4 35
4 37
4 40
4 42
4 43
4 44
4 45
4 46
4 50
4 51
4 56
5 4
5 11
5 12
5 13
5 15
5 16
5 18
5 19
5 20
5 22
5 23
5 26
5 27
5 28
5 31
5 32
5 40
5 42
5 44
5 46
5 50
5 51
6 0
6 3
6 7
6 8
6 9
6 10
6 12
6 24
6 25
6 30
6 33
6 34
6 36
6 38
6 41
6 49
6 52
6 53
6 54
6 55
7 0
7 1
7 2
7 3
7 6
7 8
7 9
7 10
7 12
7 24
7 25
7 30
7 34
7 39
7 41
7 47
7 49
7 52
7 53
7 54
7 55
7 57
8 0
8 1
8 2
8 3
8 6
8 7
8 9
8 10
8 12
8 24
8 25
8 30
8 33
8 34
8 36
8 38
8 39
8 41
8 47
8 48
8 49
8 52
8 53
8 54
8 55
8 57
9 0
9 1
9 2
9 3
9 6
9 7
9 8
9 10
9 12
9 24
9 25
9 30
9 33
9 34
9 36
9 38
9 39
9 41
9 47
9 48
9 49
9 52
9 53
9 54
9 55
9 57
10 0
10 1
10 2
10 3
10 6
10 7
10 8
10 9
10 12
10 24
10 25
10 33
10 38
10 39
10 41
10 47
10 49
10 52
10 53
10 54
10 55
10 57
11 4
11 5
11 12
11 13
11 14
11 15
11 17
11 18
11 19
11 20
11 22
11 23
11 27
11 28
11 29
11 30
11 31
11 32
11 35
11 37
11 40
11 42
11 43
11 44
11 45
11 46
11 51
11 56
12 0
12 1
12 2
12 3
12 5
12 6
12 7
12 8
12 9
12 10
12 11
12 13
12 14
12 15
12 18
12 19
12 20
12 21
12 22
12 23
12 24
12 25
12 26
12 27
12 28
12 29
12 30
12 31
12 32
12 33
12 34
12 36
12 37
12 38
12 39
12 40
12 41
12 42
12 45
12 46
12 47
12 48
12 49
12 51
12 52
12 53
12 54
12 55
12 57
13 4
13 5
13 11
13 12
13 14
13 15
13 16
13 17
13 18
13 19
13 21
13 22
13 23
13 26
13 27
13 28
13 30
13 31
13 32
13 37
13 40
13 42
13 46
13 50
13 51
14 4
14 5
14 11
14 12
14 13
14 15
14 16
14 17
14 18
14 19
14 20
14 21
14 22
14 23
14 26
14 27
14 28
14 29
14 30
14 31
14 32
14 35
14 37
14 40
14 42
14 43
14 44
14 45
14 50
14 56
15 4
15 5
15 13
15 14
15 16
15 17
15 18
15 20
15 22
15 23
15 26
15 28
15 29
15 30
15 31
15 32
15 35
15 37
15 40
15 42
15 43
15 45
15 50
15 51
15 56
16 4
16 5
16 13
16 14
16 15
16 17
16 19
16 20
16 21
16 22
16 23
16 26
16 27
16 28
16 31
16 32
16 35
16 37
16 40
16 42
16 43
16 44
16 45
16 46
16 50
16 51
16 56
17 4
17 5
17 11
17 13
17 15
17 18
17 19
17 23
17 26
17 27
17 28
17 30
17 31
17 32
17 35
17 37
17 40
17 42
17 45
17 46
17 50
17 51
17 56
18 4
18 5
18 11
18 12
18 13
18 14
18 15
18 17
18 19
18 20
18 22
18 23
18 27
18 28
18 29
18 30
18 31
18 32
18 35
18 37
18 40
18 42
18 43
18 44
18 45
18 46
18 51
18 56
19 4
19 5
19 11
19 12
19 13
19 14
19 15
19 16
19 17
19 18
19 20
19 21
19 22
19 23
19 26
19 27
19 28
19 29
19 30
19 31
19 32
19 35
19 37
19 40
19 42
19 43
19 44
19 45
19 46
19 51
19 56
20 5
20 11
20 12
20 14
20 15
20 16
20 18
20 19
20 21
20 22
20 26
20 27
20 31
20 32
20 35
20 37
20 43
20 44
20 50
20 51
20 56
21 4
21 5
21 12
21 13
21 14
21 15
21 16
21 18
21 19
21 20
21 22
21 23
21 26
21 27
21 28
21 29
21 30
21 31
21 32
21 35
21 37
21 40
21 42
21 43
21 44
21 45
21 50
21 51
21 56
22 4
22 5
22 11
22 12
22 13
22 14
22 15
22 16
22 17
22 18
22 19
22 21
22 23
22 26
22 27
22 28
22 29
22 32
22 35
22 37
22 44
22 45
22 46
22 51
22 56
23 4
23 5
23 11
23 12
23 13
23 15
23 16
23 17
23 18
23 19
23 20
23 21
23 22
23 26
23 27
23 28
23 29
23 30
23 31
23 32
23 35
23 37
23 40
23 42
23 44
23 45
23 46
23 51
23 56
24 0
24 1
24 2
24 3
24 6
24 7
24 8
24 9
24 10
24 12
24 25
24 30
24 33
24 36
24 38
24 39
24 41
24 47
24 49
24 53
24 54
24 57
25 0
25 2
25 6
25 7
25 8
25 9
25 10
25 12
25 24
25 30
25 33
25 38
25 39
25 41
25 47
25 49
25 52
25 54
25 55
26 4
26 5
26 12
26 13
26 14
26 15
26 17
26 18
26 19
26 20
26 22
26 23
26 27
26 28
26 29
26 31
26 32
26 35
26 37
26 40
26 42
26 43
26 44
26 45
26 46
26 50
26 56
27 4
27 5
27 11
27 12
27 13
27 14
27 16
27 17
27 18
27 19
27 20
27 21
27 22
27 23
27 26
27 28
27 29
27 30
27 31
27 32
27 35
27 40
27 42
27 43
27 44
27 45
27 46
27 51
27 56
28 4
28 5
28 11
28 12
28 13
28 14
28 15
28 17
28 18
28 19
28 21
28 22
28 23
28 26
28 27
28 29
28 30
28 31
28 32
28 35
28 40
28 42
28 44
28 45
28 46
28 50
28 51
28 56
29 11
29 12
29 14
29 15
29 16
29 17
29 18
29 19
29 21
29 22
29 23
29 26
29 27
29 28
29 30
29 31
29 32
29 37
29 40
29 45
29 46
29 50
29 51
30 0
30 1
30 2
30 3
30 4
30 6
30 7
30 8
30 9
30 11
30 12
30 13
30 14
30 15
30 17
30 18
30 19
30 21
30 22
30 23
30 24
30 25
30 27
30 28
30 29
30 31
30 32
30 33
30 34
30 36
30 37
30 38
30 39
30 40
30 41
30 42
30 43
30 45
30 46
30 47
30 48
30 49
30 50
30 51
30 52
30 55
30 57
31 4
31 5
31 12
31 13
31 14
31 15
31 16
31 17
31 19
31 20
31 21
31 22
31 23
31 26
31 27
31 28
31 29
31 30
31 32
31 37
31 40
31 42
31 43
31 44
31 46
31 51
31 56
32 4
32 5
32 11
32 12
32 13
32 14
32 15
32 16
32 17
32 18
32 19
32 20
32 21
32 22
32 23
32 26
32 27
32 28
32 29
32 30
32 31
32 35
32 37
32 40
32 42
32 43
32 44
32 45
32 46
32 50
32 51
32 56
33 0
33 1
33 2
33 3
33 6
33 7
33 8
33 9
33 10
33 12
33 24
33 25
33 30
33 34
33 36
33 38
33 39
33 41
33 47
33 48
33 49
33 52
33 53
33 54
33 55
33 57
34 0
34 1
34 2
34 6
34 7
34 8
34 9
34 12
34 24
34 30
34 33
34 36
34 38
34 41
34 47
34 48
34 49
34 52
34 55
34 57
35 4
35 11
35 13
35 14
35 15
35 18
35 19
35 20
35 21
35 22
35 23
35 26
35 27
35 32
35 37
35 40
35 43
35 44
35 50
35 51
35 56
36 0
36 1
36 2
36 3
36 6
36 7
36 8
36 9
36 10
36 12
36 24
36 30
36 33
36 34
36 39
36 41
36 47
36 48
36 49
36 52
36 53
36 54
36 57
37 4
37 5
37 11
37 12
37 13
37 14
37 16
37 17
37 18
37 19
37 21
37 22
37 23
37 26
37 27
37 29
37 30
37 32
37 35
37 40
37 42
37 43
37 44
37 45
37 46
37 50
37 51
37 56
38 0
38 2
38 6
38 8
38 9
38 12
38 24
38 25
38 30
38 33
38 34
38 36
38 39
38 41
38 47
38 48
38 49
38 52
38 53
38 55
39 0
39 1
39 2
39 3
39 7
39 8
39 9
39 10
39 12
39 24
39 25
39 30
39 33
39 38
39 41
39 47
39 48
39 49
39 52
39 53
39 57
40 4
40 5
40 11
40 12
40 13
40 14
40 15
40 16
40 17
40 19
40 21
40 22
40 23
40 27
40 28
40 29
40 30
40 31
40 32
40 35
40 37
40 42
40 44
40 45
40 46
40 50
40 51
41 0
41 2
41 3
41 6
41 7
41 8
41 9
41 10
41 12
41 24
41 25
41 30
41 33
41 34
41 36
41 38
41 39
41 47
41 48
41 49
41 52
41 53
41 54
41 55
42 4
42 5
42 11
42 12
42 13
42 15
42 16
42 17
42 18
42 19
42 22
42 23
42 26
42 27
42 28
42 29
42 30
42 32
42 37
42 40
42 45
42 51
43 4
43 5
43 11
43 13
43 14
43 15
43 16
43 18
43 19
43 20
43 21
43 22
43 23
43 26
43 27
43 30
43 31
43 32
43 35
43 37
43 42
43 44
43 51
43 56
44 4
44 5
44 11
44 13
44 14
44 16
44 18
44 19
44 20
44 21
44 22
44 23
44 26
44 27
44 31
44 35
44 43
44 46
44 50
44 51
45 4
45 5
45 11
45 12
45 13
45 15
45 16
45 17
45 19
45 21
45 22
45 23
45 26
45 27
45 28
45 29
45 30
45 31
45 32
45 40
45 42
45 46
45 50
45 51
46 4
46 5
46 11
46 12
46 13
46 15
46 16
46 17
46 18
46 19
46 20
46 21
46 22
46 23
46 26
46 27
46 28
46 29
46 30
46 32
46 35
46 37
46 40
46 42
46 43
46 44
46 45
46 51
47 0
47 1
47 2
47 3
47 8
47 9
47 10
47 12
47 24
47 25
47 30
47 33
47 34
47 36
47 38
47 39
47 41
47 48
47 49
47 53
47 54
47 57
48 0
48 1
48 2
48 3
48 8
48 9
48 12
48 30
48 33
48 34
48 36
48 38
48 39
48 41
48 47
48 49
48 52
48 57
49 0
49 1
49 2
49 3
49 6
49 7
49 8
49 9
49 10
49 12
49 24
49 25
49 30
49 33
49 34
49 36
49 38
49 39
49 41
49 47
49 48
49 52
49 53
49 55
49 57
50 5
50 11
50 13
50 14
50 15
50 16
50 17
50 19
50 20
50 21
50 22
50 26
50 28
50 29
50 30
50 31
50 32
50 35
50 37
50 40
50 42
50 44
50 46
50 51
50 56
51 4
51 5
51 11
51 12
51 13
51 15
51 16
51 17
51 19
51 20
51 21
51 22
51 23
51 27
51 28
51 29
51 30
51 31
51 32
51 35
51 37
51 40
51 42
51 43
51 44
51 45
51 46
51 50
51 56
52 0
52 1
52 2
52 3
52 6
52 8
52 9
52 10
52 12
52 24
52 25
52 30
52 34
52 36
52 38
52 39
52 41
52 48
52 49
52 54
52 55
53 0
53 1
53 2
53 3
53 6
53 7
53 8
53 9
53 10
53 12
53 24
53 25
53 33
53 36
53 38
53 39
53 41
53 47
53 49
53 54
53 57
54 0
54 1
54 2
54 3
54 6
54 7
54 8
54 9
54 10
54 12
54 24
54 25
54 33
54 36
54 38
54 39
54 41
54 47
54 49
54 52
54 53
54 55
54 57
55 0
55 2
55 6
55 7
55 8
55 9
55 10
55 12
55 24
55 25
55 30
55 33
55 34
55 38
55 41
55 49
55 52
55 54
56 5
56 11
56 12
56 14
56 15
56 16
56 17
56 18
56 19
56 20
56 21
56 22
56 23
56 26
56 27
56 28
56 31
56 32
56 35
56 37
56 50
56 51
57 0
57 1
57 2
57 3
57 7
57 8
57 9
57 10
57 12
57 24
57 30
57 33
57 34
57 36
57 39
57 47
57 48
57 49
57 53
57 54
2
3
4
6
21
28
54
56
57
58
59
62
63
81
82
87
105
106
107
114
115
121
128
129
137
138
160
169
183
210
211
212
249
252
271
280
281
283
285
286
303
305
329
333
367
371
405
408
411
412
424
434
481
520
685
809
820
859
