67 1970 16
0 1
0 2
0 3
0 6
0 7
0 8
0 9
0 10
0 12
0 17
0 26
0 27
0 32
0 35
0 38
0 40
0 42
0 45
0 46
0 48
0 55
0 56
0 57
0 60
0 61
0 62
0 63
0 64
0 66
1 0
1 2
1 3
1 7
1 8
1 9
1 10
1 12
1 17
1 26
1 32
1 35
1 38
1 40
1 42
1 46
1 55
1 56
1 57
1 61
1 62
1 66
2 0
2 1
2 3
2 6
2 7
2 8
2 9
2 10
2 12
2 17
2 26
2 27
2 32
2 35
2 38
2 40
2 42
2 45
2 46
2 48
2 55
2 56
2 57
2 60
2 61
2 62
2 63
2 64
2 66
3 0
3 1
3 2
3 6
3 7
3 8
3 9
3 10
3 12
3 17
3 26
3 35
3 38
3 42
3 45
3 48
3 55
3 56
3 57
3 60
3 61
3 62
3 63
3 66
4 5
4 11
4 13
4 14
4 15
4 16
4 18
4 19
4 20
4 21
4 22
4 23
4 24
4 25
4 26
4 29
4 30
4 31
4 33
4 34
4 35
4 36
4 37
4 39
4 41
4 43
4 44
4 47
4 49
4 50
4 51
4 52
4 53
4 54
4 58
4 59
4 65
5 4
5 11
5 12
5 13
5 16
5 18
5 20
5 21
5 22
5 24
5 25
5 29
5 31
5 33
5 36
5 37
5 47
5 49
5 52
5 54
5 58
5 59
6 0
6 3
6 7
6 8
6 9
6 10
6 12
6 17
6 26
6 27
6 32
6 35
6 38
6 40
6 42
6 45
6 48
6 56
6 57
6 60
6 61
6 62
6 63
6 64
7 0
7 1
7 2
7 3
7 6
7 8
7 9
7 10
7 12
7 17
7 26
7 27
7 32
7 35
7 40
7 46
7 48
7 55
7 57
7 60
7 61
7 62
7 64
7 66
8 0
8 1
8 2
8 3
8 6
8 7
8 9
8 10
8 12
8 17
8 26
8 27
8 32
8 35
8 38
8 40
8 42
8 45
8 46
8 48
8 55
8 56
8 57
8 60
8 61
8 62
8 63
8 64
8 66
9 0
9 1
9 2
9 3
9 6
9 7
9 8
9 10
9 11
9 12
9 13
9 14
9 15
9 16
9 17
9 18
9 20
9 22
9 23
9 25
9 26
9 27
9 28
9 29
9 30
9 32
9 33
9 34
9 35
9 36
9 37
9 38
9 39
9 40
9 42
9 43
9 44
9 45
9 46
9 47
9 48
9 50
9 53
9 55
9 56
9 57
9 58
9 59
9 60
9 61
9 62
9 63
9 64
9 66
10 0
10 1
10 2
10 3
10 6
10 7
10 8
10 9
10 12
10 17
10 26
10 27
10 38
10 45
10 46
10 48
10 55
10 57
10 60
10 61
10 62
10 64
10 66
11 4
11 5
11 9
11 12
11 13
11 14
11 15
11 16
11 19
11 20
11 21
11 22
11 24
11 25
11 26
11 28
11 31
11 33
11 34
11 35
11 36
11 37
11 39
11 41
11 43
11 44
11 47
11 49
11 50
11 51
11 52
11 53
11 54
11 59
11 65
12 0
12 1
12 2
12 3
12 5
12 6
12 7
12 8
12 9
12 10
12 11
12 13
12 14
12 16
12 17
12 20
12 21
12 22
12 23
12 24
12 25
12 26
12 27
12 29
12 31
12 32
12 33
12 34
12 35
12 36
12 37
12 38
12 39
12 40
12 42
12 44
12 45
12 46
12 47
12 48
12 49
12 51
12 53
12 54
12 55
12 56
12 57
12 59
12 60
12 61
12 62
12 63
12 64
12 66
13 4
13 5
13 11
13 12
13 14
13 16
13 18
13 19
13 20
13 21
13 23
13 24
13 25
13 26
13 28
13 29
13 30
13 31
13 33
13 35
13 36
13 37
13 39
13 44
13 47
13 49
13 54
13 58
13 59
14 4
14 5
14 9
14 11
14 12
14 13
14 15
14 16
14 18
14 19
14 20
14 21
14 22
14 23
14 24
14 25
14 26
14 28
14 29
14 30
14 31
14 33
14 34
14 35
14 36
14 37
14 38
14 39
14 41
14 43
14 44
14 47
14 49
14 50
14 51
14 52
14 53
14 58
14 65
15 11
15 12
15 13
15 14
15 16
15 18
15 19
15 20
15 21
15 22
15 23
15 24
15 28
15 29
15 30
15 35
15 36
15 37
15 39
15 41
15 43
15 44
15 49
15 50
15 51
15 58
15 65
16 4
16 5
16 9
16 13
16 14
16 15
16 18
16 19
16 20
16 22
16 24
16 25
16 26
16 29
16 30
16 33
16 34
16 35
16 36
16 37
16 38
16 39
16 41
16 43
16 44
16 47
16 49
16 50
16 53
16 58
16 59
16 65
17 0
17 1
17 2
17 6
17 8
17 9
17 10
17 12
17 35
17 38
17 40
17 45
17 48
17 55
17 56
17 57
17 61
17 64
18 4
18 5
18 9
18 13
18 14
18 15
18 16
18 19
18 21
18 22
18 23
18 24
18 25
18 28
18 29
18 30
18 31
18 33
18 36
18 37
18 38
18 39
18 41
18 43
18 44
18 47
18 49
18 50
18 51
18 52
18 53
18 54
18 58
18 59
18 65
19 4
19 5
19 11
19 13
19 15
19 16
19 20
19 21
19 25
19 28
19 29
19 31
19 33
19 35
19 36
19 37
19 39
19 41
19 43
19 44
19 47
19 49
19 51
19 53
19 54
19 58
19 59
19 65
20 4
20 5
20 9
20 11
20 12
20 13
20 14
20 15
20 16
20 19
20 21
20 22
20 24
20 25
20 26
20 28
20 30
20 31
20 33
20 34
20 35
20 36
20 37
20 38
20 39
20 41
20 43
20 44
20 47
20 49
20 50
20 51
20 52
20 53
20 54
20 59
20 65
21 4
21 5
21 11
21 12
21 13
21 14
21 15
21 16
21 18
21 19
21 20
21 22
21 23
21 24
21 25
21 26
21 29
21 30
21 31
21 33
21 34
21 35
21 36
21 37
21 39
21 41
21 44
21 47
21 49
21 50
21 51
21 52
21 53
21 54
21 59
21 65
22 5
22 9
22 11
22 12
22 14
22 15
22 16
22 18
22 20
22 21
22 23
22 24
22 28
22 29
22 30
22 31
22 36
22 37
22 38
22 41
22 44
22 50
22 51
22 52
22 58
22 59
22 65
23 4
23 5
23 9
23 12
23 13
23 14
23 15
23 16
23 18
23 20
23 21
23 22
23 24
23 25
23 26
23 28
23 29
23 30
23 31
23 33
23 34
23 35
23 36
23 37
23 38
23 39
23 41
23 43
23 44
23 47
23 49
23 50
23 51
23 52
23 53
23 58
23 59
23 65
24 4
24 5
24 11
24 12
24 13
24 14
24 16
24 18
24 19
24 20
24 21
24 23
24 25
24 29
24 30
24 31
24 33
24 34
24 37
24 39
24 41
24 44
24 52
24 53
24 54
24 59
24 65
25 4
25 5
25 11
25 12
25 13
25 16
25 18
25 19
25 20
25 21
25 22
25 23
25 24
25 29
25 30
25 31
25 33
25 34
25 35
25 36
25 37
25 39
25 41
25 43
25 44
25 47
25 49
25 52
25 53
25 54
25 59
25 65
26 0
26 1
26 2
26 3
26 4
26 6
26 7
26 8
26 9
26 10
26 11
26 12
26 13
26 16
26 20
26 23
26 25
26 27
26 29
26 32
26 33
26 34
26 35
26 38
26 42
26 45
26 46
26 47
26 48
26 49
26 53
26 55
26 57
26 59
26 61
26 62
26 66
27 0
27 1
27 2
27 6
27 7
27 8
27 9
27 10
27 12
27 26
27 35
27 38
27 45
27 46
27 48
27 55
27 57
27 60
27 62
27 64
28 9
28 11
28 13
28 14
28 15
28 18
28 19
28 22
28 23
28 24
28 25
28 29
28 30
28 33
28 34
28 35
28 39
28 41
28 43
28 44
28 47
28 50
28 51
28 52
28 58
28 59
28 65
29 4
29 5
29 9
29 12
29 13
29 14
29 15
29 16
29 19
29 20
29 21
29 22
29 24
29 25
29 26
29 28
29 30
29 31
29 33
29 34
29 36
29 37
29 38
29 39
29 41
29 43
29 44
29 47
29 49
29 50
29 51
29 52
29 53
29 54
29 58
29 65
30 5
30 9
30 13
30 14
30 15
30 16
30 20
30 21
30 22
30 24
30 25
30 28
30 29
30 34
30 36
30 37
30 38
30 43
30 44
30 47
30 51
30 54
30 58
30 59
30 65
31 4
31 5
31 11
31 12
31 13
31 14
31 18
31 19
31 20
31 21
31 22
31 23
31 24
31 25
31 26
31 29
31 33
31 34
31 35
31 36
31 37
31 38
31 39
31 41
31 47
31 49
31 50
31 51
31 52
31 53
31 54
31 59
31 65
32 0
32 1
32 2
32 6
32 9
32 10
32 12
32 26
32 35
32 38
32 42
32 45
32 46
32 48
32 55
32 56
32 61
32 62
32 64
32 66
33 4
33 5
33 9
33 11
33 12
33 13
33 14
33 16
33 19
33 20
33 21
33 23
33 24
33 25
33 26
33 28
33 29
33 31
33 34
33 35
33 36
33 37
33 38
33 39
33 41
33 43
33 47
33 49
33 51
33 52
33 53
33 54
33 58
33 59
33 65
34 11
34 12
34 14
34 15
34 16
34 18
34 19
34 20
34 21
34 23
34 24
34 25
34 26
34 28
34 29
34 31
34 33
34 35
34 36
34 37
34 38
34 39
34 43
34 44
34 47
34 53
34 54
34 58
34 59
35 0
35 1
35 2
35 3
35 4
35 6
35 7
35 8
35 9
35 11
35 12
35 13
35 14
35 15
35 16
35 19
35 20
35 21
35 23
35 24
35 25
35 26
35 27
35 31
35 32
35 33
35 34
35 36
35 37
35 38
35 39
35 40
35 42
35 44
35 45
35 46
35 47
35 48
35 49
35 50
35 51
35 53
35 54
35 55
35 56
35 57
35 58
35 59
35 60
35 63
35 64
35 66
36 4
36 5
36 9
36 12
36 13
36 14
36 15
36 16
36 18
36 19
36 21
36 22
36 23
36 24
36 25
36 28
36 29
36 30
36 31
36 33
36 34
36 35
36 37
36 38
36 39
36 43
36 44
36 47
36 49
36 50
36 51
36 52
36 54
36 59
36 65
37 4
37 5
37 9
37 11
37 12
37 13
37 14
37 15
37 16
37 18
37 19
37 20
37 21
37 22
37 23
37 24
37 25
37 26
37 28
37 29
37 30
37 31
37 33
37 34
37 35
37 36
37 38
37 39
37 41
37 43
37 44
37 47
37 49
37 50
37 51
37 52
37 53
37 54
37 58
37 59
37 65
38 0
38 1
38 2
38 3
38 6
38 7
38 8
38 9
38 10
38 12
38 13
38 14
38 15
38 16
38 17
38 18
38 20
38 21
38 22
38 23
38 26
38 27
38 29
38 30
38 31
38 32
38 33
38 34
38 35
38 36
38 40
38 42
38 43
38 44
38 45
38 46
38 47
38 48
38 50
38 55
38 56
38 57
38 60
38 61
38 62
38 63
38 64
38 66
39 11
39 13
39 14
39 16
39 18
39 19
39 20
39 21
39 22
39 23
39 24
39 31
39 33
39 34
39 35
39 36
39 37
39 41
39 44
39 51
39 54
39 65
40 0
40 1
40 2
40 6
40 7
40 8
40 9
40 12
40 26
40 35
40 38
40 42
40 45
40 48
40 55
40 56
40 57
40 60
40 63
40 64
40 66
41 4
41 11
41 13
41 14
41 15
41 16
41 20
41 21
41 22
41 23
41 24
41 25
41 29
41 31
41 37
41 39
41 44
41 47
41 50
41 52
41 58
41 59
41 65
42 0
42 1
42 2
42 3
42 6
42 7
42 8
42 9
42 10
42 12
42 26
42 32
42 35
42 38
42 40
42 46
42 48
42 55
42 56
42 57
42 60
42 61
42 62
42 63
42 66
43 9
43 11
43 15
43 16
43 18
43 19
43 20
43 22
43 23
43 25
43 28
43 29
43 30
43 33
43 34
43 36
43 37
43 38
43 39
43 41
43 44
43 50
43 51
43 53
43 54
43 58
43 59
43 65
44 4
44 5
44 9
44 11
44 12
44 13
44 14
44 15
44 18
44 19
44 20
44 21
44 23
44 24
44 25
44 26
44 28
44 29
44 30
44 31
44 34
44 35
44 37
44 38
44 39
44 41
44 43
44 47
44 49
44 50
44 51
44 52
44 53
44 54
44 58
44 59
44 65
45 0
45 2
45 6
45 8
45 9
45 12
45 17
45 26
45 27
45 32
45 35
45 38
45 40
45 42
45 46
45 48
45 55
45 56
45 57
45 60
45 61
45 63
45 64
46 0
46 1
46 2
46 3
46 7
46 8
46 9
46 10
46 12
46 26
46 27
46 32
46 35
46 38
46 45
46 48
46 55
46 56
46 57
46 60
46 61
46 66
47 4
47 5
47 9
47 11
47 12
47 13
47 14
47 16
47 18
47 19
47 21
47 23
47 24
47 25
47 26
47 30
47 31
47 33
47 34
47 35
47 36
47 37
47 38
47 39
47 41
47 44
47 49
47 51
47 52
47 53
47 54
47 58
47 59
48 0
48 2
48 3
48 6
48 7
48 8
48 9
48 10
48 12
48 26
48 27
48 35
48 38
48 40
48 42
48 45
48 46
48 55
48 56
48 57
48 60
48 61
48 62
48 63
48 64
49 4
49 5
49 11
49 12
49 13
49 15
49 16
49 18
49 19
49 20
49 21
49 24
49 25
49 26
49 29
49 31
49 33
49 34
49 35
49 37
49 44
49 47
49 51
49 52
49 53
49 59
50 4
50 5
50 9
50 11
50 13
50 14
50 15
50 16
50 18
50 20
50 21
50 22
50 23
50 24
50 25
50 28
50 29
50 30
50 31
50 35
50 36
50 37
50 38
50 39
50 41
50 43
50 44
50 49
50 51
50 52
50 59
50 65
51 11
51 12
51 15
51 18
51 19
51 20
51 21
51 24
51 28
51 29
51 30
51 31
51 33
51 34
51 35
51 36
51 37
51 39
51 43
51 44
51 47
51 49
51 50
51 53
51 54
52 4
52 5
52 11
52 13
52 14
52 18
52 19
52 20
52 21
52 22
52 23
52 24
52 25
52 29
52 31
52 36
52 39
52 41
52 49
52 50
52 54
52 58
52 59
53 4
53 5
53 11
53 12
53 13
53 16
53 18
53 19
53 21
53 23
53 24
53 25
53 26
53 29
53 31
53 33
53 34
53 35
53 36
53 37
53 39
53 43
53 47
53 49
53 51
53 54
53 58
53 59
54 4
54 5
54 11
54 12
54 13
54 15
54 16
54 18
54 19
54 20
54 21
54 22
54 23
54 24
54 25
54 28
54 29
54 31
54 33
54 34
54 35
54 37
54 39
54 41
54 43
54 44
54 47
54 49
54 50
54 51
54 52
54 53
54 59
55 0
55 1
55 2
55 3
55 8
55 9
55 10
55 12
55 17
55 26
55 27
55 35
55 38
55 40
55 42
55 45
55 46
55 48
55 56
55 57
55 61
55 62
55 66
56 0
56 1
56 2
56 3
56 6
56 8
56 9
56 12
56 17
56 32
56 35
56 38
56 40
56 42
56 45
56 46
56 48
56 55
56 57
56 60
56 63
56 64
56 66
57 0
57 1
57 2
57 3
57 6
57 7
57 8
57 9
57 10
57 12
57 17
57 26
57 27
57 35
57 38
57 40
57 42
57 45
57 46
57 48
57 55
57 56
57 60
57 61
57 63
57 64
57 66
58 5
58 9
58 11
58 13
58 14
58 15
58 16
58 18
58 19
58 21
58 22
58 23
58 24
58 28
58 29
58 33
58 34
58 35
58 36
58 37
58 39
58 41
58 43
58 44
58 47
58 49
58 51
58 52
58 54
58 59
58 65
59 4
59 5
59 9
59 11
59 12
59 13
59 15
59 16
59 18
59 19
59 21
59 22
59 23
59 24
59 25
59 26
59 30
59 31
59 33
59 34
59 35
59 36
59 37
59 38
59 39
59 41
59 43
59 44
59 47
59 49
59 50
59 52
59 53
59 54
59 58
59 65
60 0
60 1
60 2
60 3
60 6
60 8
60 9
60 10
60 12
60 26
60 27
60 35
60 40
60 42
60 45
60 46
60 48
60 56
60 57
60 62
60 63
60 64
61 0
61 1
61 2
61 3
61 6
61 7
61 8
61 9
61 10
61 12
61 17
61 26
61 27
61 32
61 38
61 42
61 45
61 46
61 48
61 55
61 57
61 62
61 66
62 0
62 1
62 2
62 3
62 6
62 7
62 8
62 9
62 10
62 12
62 26
62 27
62 32
62 38
62 42
62 45
62 46
62 48
62 55
62 57
62 60
62 61
62 64
62 66
63 0
63 2
63 3
63 6
63 8
63 9
63 12
63 35
63 40
63 42
63 45
63 48
63 56
63 57
63 60
63 64
64 0
64 2
64 6
64 7
64 8
64 9
64 10
64 12
64 17
64 26
64 27
64 32
64 35
64 38
64 40
64 45
64 48
64 56
64 57
64 60
64 62
64 63
65 5
65 11
65 12
65 14
65 16
65 18
65 19
65 20
65 21
65 22
65 23
65 24
65 25
65 28
65 29
65 30
65 31
65 33
65 36
65 37
65 39
65 41
65 44
65 58
65 59
66 0
66 1
66 2
66 3
66 7
66 8
66 9
66 10
66 12
66 17
66 26
66 32
66 35
66 38
66 40
66 42
66 46
66 55
66 56
66 57
66 61
66 62
66 64
2
3
4
6
21
28
54
56
57
58
59
62
63
81
82
83
87
89
105
106
107
114
115
121
128
129
137
138
142
160
166
169
174
183
210
211
212
249
252
256
271
280
281
282
283
285
286
303
305
329
333
355
367
371
405
408
411
412
424
434
481
520
685
738
809
820
859
